9
3
13
22
20
6
18
50
4
1
4
16
22
1
33
11
11
14
2
6
5
4
8
3
17
1
5
46
34
9
3
8
2
8
19
19
6
6
2
4
1
4
5
27
17
12
1
9
37
39
9
6
18
6
4
6
2
34
9
4
4
16
3
59
4
8
4
27
2
15
5
15
11
15
33
10
8
8
11
9
16
7
1
26
6
15
21
10
3
27
9
31
13
14
18
16
1
5
16
2
12
12
12
33
14
18
1
26
4
25
5
3
3
4
33
21
4
16
35
10
9
3
13
3
7
4
19
20
9
38
17
13
5
5
9
5
8
18
5
28
7
26
2
6
6
1
20
17
6
6
31
33
3
29
2
23
5
6
2
3
14
50
16
4
6
37
5
52
9
10
57
4
2
10
6
4
19
8
16
4
8
7
16
6
4
12
1
19
13
2
2
2
3
14
4
39
14
4
8
1
9
12
30
9
14
35
2
11
13
37
20
2
19
19
15
10
17
11
4
16
1
2
6
6
15
26
10
2
16
16
14
2
18
5
1
6
1
13
11
37
41
8
5
2
11
21
17
29
5
1
6
33
7
1
22
16
6
4
10
6
6
7
12
18
3
15
4
9
7
16
10
1
8
7
14
25
40
26
13
3
6
1
1
13
11
3
21
24
8
3
4
3
17
1
5
19
12
8
7
6
1
13
19
4
3
1
16
20
33
1
18
2
1
2
12
13
5
6
1
6
1
6
1
21
3
4
12
9
6
8
1
25
9
13
23
5
11
45
4
24
19
38
16
50
2
4
1
25
7
13
11
30
9
35
1
12
1
21
14
29
17
2
4
30
6
16
15
21
1
35
14
5
16
40
5
2
1
1
2
4
11
32
7
14
8
21
3
5
3
14
11
3
9
11
17
3
4
4
12
18
3
6
4
15
3
26
19
8
3
11
40
15
20
3
12
21
2
3
4
9
1
3
5
2
23
4
10
3
4
8
3
21
2
2
7
4
7
1
26
1
3
4
7
8
5
7
16
25
8
1
4
6
11
13
8
2
24
1
15
1
19
16
2
7
22
2
11
3
22
4
2
6
3
48
5
11
4
3
4
13
6
5
33
20
5
5
2
3
7
19
1
2
11
19
1
1
5
13
4
9
4
5
4
15
7
7
19
1
15
3
9
12
8
7
65
6
6
2
11
2
26
9
8
14
18
2
8
14
19
9
2
36
1
7
9
8
13
1
32
2
20
1
5
12
6
19
5
3
3
25
1
7
2
13
15
25
4
31
4
9
10
24
25
9
1
1
4
3
2
1
12
10
1
24
2
25
10
3
11
4
4
7
9
18
24
4
4
2
18
10
8
7
2
5
2
29
7
11
8
8
2
1
3
19
4
7
15
21
7
15
29
21
4
6
16
3
19
2
12
3
11
12
1
2
14
10
14
37
25
13
13
5
6
3
40
2
34
34
2
3
15
3
13
4
3
6
13
1
1
3
32
13
8
2
25
14
3
1
7
2
1
9
1
1
13
12
7
3
3
4
4
5
77
31
6
4
10
8
15
7
8
13
15
11
12
2
1
11
5
5
12
4
5
12
1
4
2
8
41
2
11
14
7
6
30
20
6
2
42
6
1
4
1
4
16
11
3
3
12
36
3
5
1
1
7
2
18
27
9
21
2
14
20
4
1
2
16
8
1
19
32
13
17
14
12
4
2
8
1
25
17
34
8
7
36
8
18
6
8
2
6
7
21
1
7
12
6
2
6
7
12
16
1
8
5
18
5
12
4
5
18
1
11
13
7
12
18
1
1
23
52
8
3
24
2
18
8
8
2
2
18
23
16
11
7
11
25
23
1
2
10
3
14
8
2
2
6
12
5
23
2
7
6
7
17
15
14
6
4
3
2
21
11
17
6
2
9
15
7
55
7
19
1
5
20
2
13
3
7
8
12
15
1
18
9
4
15
9
14
5
8
6
8
2
17
1
8
36
17
22
19
7
9
6
3
1
3
8
15
11
4
2
19
32
10
5
17
45
9
5
24
6
16
5
1
14
23
16
10
9
10
19
4
1
15
17
15
5
3
35
15
19
32
24
36
16
10
55
21
11
7
5
5
14
7
8
1
15
1
30
6
1
42
2
7
5
2
13
7
3
8
13
3
19
32
35
10
7
11
1
1
19
16
5
3
2
3
2
6
24
13
1
3
2
22
24
2
2
2
13
6
4
10
15
6
16
2
1
10
2
1
1
8
8
21
2
23
2
5
7
10
10
15
16
8
7
4
17
15
17
