                      Hurricanes from 1995 - 2015

Average:                    2.4            961.1              110.28
Minimum:                    1              882.0               74.80
Maximum:                   5             1000.0              184.12

Category Counts:
  Category 1: 62
  Category 2: 24
  Category 3: 28
  Category 4: 33
  Category 5: 9





1995      Allison           1              987                 74.80
1995      Erin              2              973                 97.82
1995      Felix             4              929                138.09
1995      Humberto          2              968                109.32
1995      Iris              2              965                109.32
1995      Luis              4              945                149.60
1995      Marilyn           3              949                115.08
1995      Noel              1              987                 74.80
1995      Opal              4              916                149.60
1995      Roxanne           3              956                115.08
1995      Tanya             1              972                 86.31
1996      Bertha            3              960                115.08
1996      Cesar             1              985                 86.31
1996      Dolly             1              989                 80.55
1996      Edouard           4              933                143.85
1996      Fran              3              946                120.83
1996      Hortense          4              935                138.09
1996      Isidore           3              960                115.08
1996      Lili              3              960                115.08
1996      Marco             1              983                 74.80
1997      Bill              1              986                 74.80
1997      Danny             1              984                 80.55
1997      Erika             3              946                126.59
1998      Bonnie            3              954                115.08
1998      Danielle          1              960                 80.55
1998      Earl              1              985                 92.06
1998      Georges           4              937                155.36
1998      Ivan              1              975                 92.06
1998      Jeanne            2              969                103.57
1998      Karl              2              970                103.57
1998      Lisa              1              995                 74.80
1998      Mitch             5              905                178.37
1998      Nicole            1              979                 86.31
1999      Bret              4              944                143.85
1999      Cindy             4              942                138.09
1999      Dennis            2              962                103.57
1999      Floyd             4              921                155.36
1999      Gert              4              930                149.60
1999      Irene             2              958                109.32
1999      Jose              2              979                 97.82
1999      Lenny             4              933                155.36
2000      Alberto           3              950                126.59
2000      Debby             1              991                 86.31
2000      Florence          1              985                 80.55
2000      Gordon            1              981                 80.55
2000      Isaac             4              943                138.09
2000      Joyce             1              975                 92.06
2000      Keith             4              939                138.09
2000      Michael           2              965                 97.82
2001      Erin              3              968                120.83
2001      Felix             3              962                115.08
2001      Gabrielle         1              975                 80.55
2001      Humberto          2              970                103.57
2001      Iris              4              948                143.85
2001      Karen             1              982                 80.55
2001      Michelle          4              933                138.09
2001      Noel              1              986                 74.80
2001      Olga              1              973                 92.06
2002      Gustav            1              960                 92.06
2002      Isidore           3              934                126.59
2002      Kyle              1              980                 86.31
2002      Lili              4              938                143.85
2003      Claudette         1              979                 92.06
2003      Danny             1             1000                 74.80
2003      Erika             1              986                 74.80
2003      Fabian            4              939                143.85
2003      Isabel            5              915                166.86
2003      Juan              2              969                103.57
2003      Kate              3              952                126.59
2004      Alex              3              957                120.83
2004      Charley           4              941                149.60
2004      Danielle          2              964                109.32
2004      Frances           4              935                143.85
2004      Gaston            1              985                 74.80
2004      Ivan              5              910                166.86
2004      Jeanne            3              950                120.83
2004      Karl              4              938                143.85
2004      Lisa              1              987                 74.80
2005      Cindy             1              991                 74.80
2005      Dennis            4              930                149.60
2005      Emily             5              929                161.11
2005      Irene             2              970                103.57
2005      Katrina           5              902                172.62
2005      Maria             3              962                115.08
2005      Nate              1              979                 92.06
2005      Ophelia           1              976                 86.31
2005      Philippe          1              985                 80.55
2005      Rita              5              895                178.37
2005      Stan              1              977                 80.55
2005      Vince             1              988                 74.80
2005      Wilma             5              882                184.12
2005      Beta              3              962                115.08
2005      Epsilon           1              981                 86.31
2006      Ernesto           1              992                 74.80
2006      Florence          1              974                 92.06
2006      Gordon            3              955                120.83
2006      Helene            3              955                120.83
2006      Isaac             1              985                 86.31
2007      Dean              5              905                172.62
2007      Felix             5              929                172.62
2007      Humberto          1              985                 92.06
2007      Karen             1              988                 74.80
2007      Lorenzo           1              990                 80.55
2007      Noel              1              980                 80.55
2008      Bertha            3              952                126.59
2008      Dolly             2              963                 97.82
2008      Gustav            4              941                155.36
2008      Hanna             1              977                 86.31
2008      Ike               4              935                143.85
2008      Kyle              1              984                 80.55
2008      Omar              4              958                132.34
2008      Paloma            2              970                 97.82
2009      Bill              4              943                132.34
2009      Fred              3              958                120.83
2009      Ida               2              975                103.57
2010      Alex              2              946                109.32
2010      Danielle          4              942                132.34
2010      Earl              4              927                143.85
2010      Igor              4              924                155.36
2010      Julia             4              948                138.09
2010      Karl              3              956                126.59
2010      Lisa              1              982                 86.31
2010      Otto              1              976                 86.31
2010      Paula             2              981                103.57
2010      Richard           2              977                 97.82
2010      Shary             1              989                 74.80
2010      Tomas             2              985                 97.82
2011      Irene             3              942                120.83
2011      Katia             4              942                138.09
2011      Maria             1              983                 80.55
2011      Nate              1              994                 74.80
2011      Ophelia           4              940                138.09
2011      Philippe          1              976                 92.06
2011      Rina              3              966                115.08
2012      Chris             1              974                 86.31
2012      Ernesto           2              973                 97.82
2012      Gordon            2              965                109.32
2012      Isaac             1              965                 80.55
2012      Kirk              2              970                103.57
2012      Leslie            1              968                 80.55
2012      Michael           3              964                115.08
2012      Nadine            1              978                 92.06
2012      Rafael            1              969                 92.06
2012      Sandy             3              940                115.08
2013      Humberto          1              979                 92.06
2013      Ingrid            1              983                 86.31
2014      Arthur            2              973                 97.82
2014      Bertha            1              998                 80.55
2014      Cristobal         1              965                 86.31
2014      Edouard           3              955                120.83
2014      Fay               1              983                 80.55
2014      Gonzalo           4              940                143.85
2015      Danny             3              960                126.59
2015      Fred              1              986                 86.31
2015      Joaquin           4              931                155.36
2015      Kate              1              980                 86.31